[ 0.19755012  0.07937655  0.3557296  -0.48024953 -0.17377311  0.14085911
 -0.38322035  0.06600905  0.08620852 -0.27671171  0.18363828  0.14670985
  0.1006414   0.4832915   0.4139174  -0.48384584  0.13220867  0.44800014
  0.09231062 -0.47531602 -0.07116461  0.21275038 -0.17138277 -0.42386963
  0.3093972 ]
[ 0.36271535  0.34277574 -0.12656131  0.24289241  0.44935818 -0.44717002
  0.19069071  0.12206148  0.18515691 -0.38469999  0.09802304 -0.23067592
 -0.42517172  0.12955397  0.01788149 -0.05724212  0.02516784  0.17008125
  0.4077877   0.10174897 -0.32340491  0.18849709  0.09954516  0.18712723
 -0.15779015]
[-0.4474303   0.08614858  0.01627794 -0.12033675 -0.27841692  0.00666074
 -0.32542397  0.21993435 -0.10259095 -0.25564164  0.34191551  0.08998191
  0.12574392 -0.18425604  0.31355679  0.40123949  0.15939205  0.00586118
  0.19469049 -0.35652556  0.03378176 -0.32450165 -0.38053957 -0.21583863
 -0.45487424]
[ 0.46384026 -0.34689229  0.26298442  0.04273814 -0.39078589  0.37807939
 -0.34248951 -0.49347267 -0.44769748 -0.33755776  0.14422335  0.00629663
 -0.3362363  -0.09439133  0.20808906  0.43173577  0.43206456 -0.41058545
 -0.25325787 -0.13435479 -0.32393859 -0.2143622   0.18908915 -0.05229677
  0.36817223]
[-0.23360452 -0.04682525 -0.32499216  0.05508875  0.22293668 -0.35377992
 -0.24686145 -0.2750193   0.20989828 -0.09858132  0.26123471 -0.07750121
 -0.33826788  0.30284881 -0.37160441 -0.30307146 -0.33127271 -0.11805361
  0.32445631 -0.47497535 -0.43774786  0.15032393 -0.28941911  0.41707753
  0.44399744]
[-0.12587987 -0.18679394 -0.29013842  0.45108471  0.42909081 -0.27923583
 -0.04790251  0.43852339 -0.24210415  0.3432676   0.02688478  0.26820821
  0.4932729   0.03375131 -0.40038158 -0.06659187 -0.10590692 -0.37665099
  0.108736   -0.28702582 -0.14279029 -0.01686784 -0.05924037  0.0145923
 -0.39002339]
[ 0.16051575 -0.16740453  0.15782328  0.01647319  0.22900183  0.09562801
 -0.35708183 -0.18777409  0.0715095   0.16418358  0.14986257 -0.02876047
  0.15105611 -0.4128303   0.48302684  0.39008853 -0.08446244 -0.00070811
  0.43901472 -0.24815712  0.40075382 -0.36193279 -0.38362755  0.41195952
  0.36741517]
[ 0.26023629 -0.42283251 -0.18674198 -0.14478755 -0.4462224   0.08505588
  0.42830122  0.1013642  -0.22836948  0.45003348 -0.3621275   0.26080938
 -0.35604044  0.23452632 -0.00407639  0.44208317 -0.45160277  0.35543336
 -0.27358066  0.42669794  0.02339334 -0.03239913  0.3282751   0.04488035
 -0.30256371]
[-0.28843643 -0.22487123  0.49834779 -0.33860839 -0.40737344 -0.10210567
 -0.40865378 -0.28881052 -0.39120001 -0.35974538 -0.05767847 -0.33047428
 -0.18583243  0.0658699  -0.45188462  0.24359675  0.03246135 -0.17403975
  0.25846405 -0.41918163  0.33723586  0.02405789 -0.10235513  0.15502192
  0.38261926]
