7.10287707307 -7.17389111765 
-4.3174940706 4.24115384175 
-9.30393774143 9.31265982312 
0.327979009058 0.00352721631157 
-2.32981232218 2.27497960461 
4.85143370608 -4.86207783809 
4.81633257689 -4.79621060935 
0.0139857629222 -0.306183174182 
-8.80879674374 8.7807780595 
0.301277175232 -0.332393422949 
-5.31161397382 5.25669124571 
-7.94608531881 7.90110200258 
5.85225502531 -5.87964646876 
-0.529431888321 0.637949862803 
-0.304332929746 0.408714555981 
-6.01166828525 6.00291463194 
5.47355933519 -5.48985461991 
5.10439917042 -5.20208893551 
-5.80989442193 5.75539203911 
1.14261236232 -1.18007695692 
5.26845792364 -5.29477531454 
3.97153867822 -3.97582608836 
8.48502727305 -8.47345417605 
-7.89988104027 7.8906366563 
0.363218372484 -0.512672800254 
