0.277262438322 0.1484212437 
-0.43037813286 -0.189299405385 
0.0261442547632 0.255494246686 
-0.0868056779549 0.180828729206 
0.0395854146798 -0.39382244022 
0.257778560341 0.526191682458 
-0.512037216888 0.359322729583 
-0.492924111478 0.344444301073 
-0.040155265069 0.191927580524 
-0.120134449114 -0.271634640547 
-0.390829670523 0.448142588974 
-0.688675551454 0.844959276267 
0.235206613663 -0.230830217122 
0.408909436499 -0.812922369581 
-0.34442137886 0.324964633501 
-0.667273823673 0.405892094442 
0.619924379756 -0.893405232565 
