14.3153025737 -2.78504813976 0.700836406473 -3.58941270755 -0.21076326821 -0.409042677189 0.919181574712 1.46567750508 -1.18479561249 0.0268958195754 0.18455746083 2.43673954981 28.9556072204 -0.75438424587 -0.799566596631 2.32759599428 0.149868624653 -0.222066621586 2.98827337349 -0.307163910258 0.239585574677 -1.1592864898 -2.18815786748 13.6252203266 -910.737393408 
-0.267209084398 -1.78052092876 0.543615530182 0.308579078609 -0.11189957483 7.24846640958 0.238826567478 6.33286228947 -0.604258463871 12.4646269344 -0.409512944647 0.134650711966 0.766571895585 2.7991564024 0.0708599457587 0.486811181122 1.08153825804 -0.217832597246 0.407766657543 -0.39684066658 17.6660667459 1.15391164266 0.890381716824 2.14347915345 -2141.39309309 
-0.0359511664315 19.0200540492 -0.141146290669 1.07221739456 -0.137766061647 2.85387399866 -0.925233643661 2.79635132087 -1.26503250123 0.868937800855 0.0543234021054 5.79895227091 2.13998504554 -0.391224800737 0.624754721535 -0.281101326054 -1.07965765934 -0.275880568515 1.65507451624 0.264483600701 0.911612039815 0.48315789537 -9.21779355191 5.14332370583 15.2441133133 
0.350507343981 -2.29326652569 -0.472957730942 -21.4404215393 16.34742534 5.89052605833 -0.479095944762 1.72922715899 -0.853985402926 2.62406456451 0.0143295718903 -5.02614816247 5.97589614722 1.42969969081 -1.2333398399 -0.160335371359 15.1113246792 -0.430945435865 13.8651468429 -0.0988156541741 0.564989160746 -0.0579981490734 -1.76110893399 2.85306093398 -8120.38032357 
5.06136570715 -0.765625472532 -0.826895860376 -1.02207605401 -0.223883769641 -3.25377112336 7.38478133064 10.4352528495 -0.777381597706 -0.296585729691 0.0107306114655 -0.151959168965 -0.73120504597 4.06283278314 5.4717426292 1.00170482387 1.15755326762 5.83588058277 2.55003057807 -0.0846290077079 1.29367080127 -0.440773004704 -1.36652441503 2.16481280882 -2745.12440849 
-0.073811861172 -1.89597507662 0.466791581045 -0.543018596921 0.288544534862 2.28354082006 1.97192752072 1.48908855968 -0.116438689126 0.058925954016 -0.0407216138056 2.2077490709 -2.67961768763 0.673578974319 21.1111535325 0.325164910469 0.317618879411 -6.58258749566 11.1480045737 -0.31224943634 0.987467367184 0.238749062001 -0.543971182258 1.89336096853 2308.5468526 
1.19122885927 -0.885509577246 -1.85375394594 1.53092993416 0.0535640222865 -1.08859670204 -0.672758441283 -0.839820871249 -0.980787540502 2.58709376685 0.181699632194 0.323893680338 -2.87494361747 -2.78078459433 0.290793643098 0.467823385598 0.522252738413 -0.263755338306 4.10405922731 3.57694050767 3.23639078351 0.275670546557 -0.944433467309 11.8608959697 -2667.01072095 
1.89208569081 -0.97807600984 -0.0479994187189 -0.883098555033 0.0295677051151 -2.13860372151 -1.82659638071 -1.42410853673 10.3681239664 3.78547832348 0.0170125820658 1.47798376137 -4.22031784859 3.42260193072 0.274562396024 -0.165563309173 0.253294457304 0.178988857004 -0.49932049366 -0.626538370072 2.51058567952 0.0567595543281 -1.87919831636 1.46525728107 3960.32506139 
13.8004430461 1.23917223298 0.0299262373561 -0.064699872477 0.515574713692 -5.74797385594 -0.386501270973 -2.30563631817 -0.622531761108 -3.75038113712 6.38588275944 3.13768827719 8.30733063975 -0.861279574921 -0.15958711524 2.04415620078 -1.94283830981 -0.417335307577 -0.723443849095 -0.4852877259 -1.07415282987 2.81372650802 0.706423308771 3.7559793272 -4533.2758883 
1.32200096045 -0.537347204402 -0.326179261521 8.31417989403 0.572485889215 -7.8665412686 -1.82901845049 1.72484369948 -0.566172947308 4.24543456847 3.21568643809 -9.30877497225 -28.8549961122 -2.47564955873 0.653588842262 -8.6405139311 -5.81400847554 0.398306313658 -1.55521789881 -0.565250884014 14.442792601 -0.114716217891 8.61880225204 -0.367253357807 -6499.89877862 
0.494898484858 16.1140007527 -2.00541461925 18.6508251995 -0.197544096761 -9.41174083681 -0.995523946316 -1.47258502423 -0.507363344748 -4.25383570562 0.309973645611 5.27408064193 2.34348040155 -0.223448759884 -1.15441762245 -10.0963572309 -3.98299717049 0.57894183465 -1.28773729459 -0.363472882707 -4.41380230512 7.90577715433 -4.40744159431 -4.08519297963 -37181.0668301 
-0.327727507654 -1.78607294419 0.186543949539 10.0605274871 15.7131724293 -6.52105916442 0.353774073433 -0.517567000711 -2.2102146364 -3.42683809509 0.211743455892 -14.6736130807 -3.94341396773 -20.2217790515 -4.93182507525 -1.41795584427 24.5630435755 -3.26986710416 10.9897993192 -0.751233665018 -3.38068434973 7.331330699 2.19506412076 -1.09146955874 -54566.9383777 
-3.7025342925 -1.94726714735 -11.6732053691 3.35664088741 -3.49893256245 -4.87560999445 -10.4453547068 5.75906973123 -3.16517932375 -1.62801241606 -0.199739079553 0.0365537292185 2.61238880812 -2.99205442758 -7.64767864782 0.0366233303914 0.923160671957 -6.00783925929 2.9127951178 0.079809503683 -2.25309345051 0.891148516641 -0.0386974645617 -0.325986663704 -40469.5495372 
0.524599726541 -0.990208047905 0.917322475584 -1.63079555279 -2.79184940956 1.73291107354 0.430413661427 1.99547177503 -0.336397673494 1.15500411546 0.0712318744539 4.26943671223 -3.62216949977 10.4010537313 -22.6512647535 1.07959217985 2.18403047193 -23.1642014132 2.65007357757 -0.606588836747 2.73806796352 -0.773390842499 -2.05540943465 3.03145311314 -4897.44138476 
0.677874907889 -3.78215571533 -4.70080575132 7.08645602185 -3.65315111998 -3.37601112729 -0.317550737933 -1.69297848183 -1.56311833557 0.65245859808 0.427934129383 -3.11557309807 -0.227817812103 -0.545064903659 -1.94383849748 -0.6271474177 3.00242664423 0.0889636119606 -3.27462524459 -8.79484005963 -0.545959299599 1.97703418212 -0.264282855978 2.99629956499 -56131.0488512 
2.04966420093 -3.05117172342 -11.4258083699 0.620464492975 -3.45229966051 -6.24273933574 -3.1233686687 -3.34448853353 -12.3661814847 4.26950193848 0.633729460747 -0.0357574648747 2.73676515289 3.8262492677 0.322001244765 0.341263897732 2.40951075244 0.239512097156 1.50864602662 -0.588541617426 1.31797987876 -0.532177286091 -1.27913937654 2.98206447466 -26938.6943391 
-7.51494154337 -2.79800756491 22.4298431787 -14.6975753223 -3.13288061169 -1.65039842138 -5.51917136505 2.30023403358 -1.74000523545 3.78623084337 -6.68024909833 9.66481415371 18.6963862571 7.41606179555 -3.22564684991 11.6496958054 -12.7893573658 21.5953406346 -6.22132652159 0.625181475951 -4.47721956447 -15.7185215199 -4.5278406603 -7.59221287381 6973.63841029 
