[-0.97946235  0.92651997 -0.46619015 -0.26384055 -0.99970749  0.48315254
 -0.94508843  0.46556266 -0.71463049 -0.87520556 -0.8382024  -0.42875577
  0.39761245 -0.55770317  0.37965851  0.57084643 -0.62006308 -0.41789426
  0.06880631  0.89476043 -0.89004414 -0.70858132  0.20203285  0.45078782
 -0.34998709]
[-0.02729187  0.04984358 -0.90120775 -0.31536196  0.36721582  0.05366612
  0.80555014 -0.35355782  0.63055998 -0.20617503  0.01985861  0.03547896
  0.15558788  0.84014257  0.1918397  -0.78315216 -0.17610891  0.72573588
 -0.9426448  -0.31667149  0.69311433  0.16981329  0.9832467  -0.22901381
 -0.75947767]
[ 0.8722778   0.69929237  0.28543796  0.13577641 -0.32657078 -0.79581966
 -0.58561221  0.682708   -0.21213266 -0.77700138 -0.23011262  0.40982961
 -0.2681126  -0.91883332 -0.61803921  0.98111453  0.78623076  0.82490668
  0.47373697  0.48718721  0.70333399 -0.35182344  0.62457978 -0.79567227
  0.88039139]
[ 0.56596016  0.42229065 -0.78290116 -0.20472845  0.22907427  0.58188458
 -0.43203926 -0.76934168  0.44125266  0.56318699  0.82389861 -0.12779099
  0.9675335  -0.67485348  0.7229291  -0.77032322 -0.17870837  0.91657857
 -0.9108056   0.06304825 -0.36259748  0.47079128  0.07228063  0.79379492
 -0.46671673]
[ 0.21491883 -0.96598943 -0.39207137 -0.40260136  0.45409741 -0.93176581
  0.85109616  0.22684713 -0.66443677  0.23180096 -0.71747401 -0.60762319
 -0.86277693  0.73180257 -0.21145241 -0.28431408  0.92535471 -0.94482165
 -0.21877667 -0.55521495 -0.52969082  0.93890924 -0.64901071 -0.71057599
 -0.37521931]
[-0.02190195  0.42513707  0.06707203  0.23276438 -0.02151009 -0.79523406
 -0.53052146  0.65732714  0.15517189  0.16949702 -0.11274286 -0.4243455
 -0.340032    0.77824113 -0.09388642 -0.47219431  0.65320613  0.95346944
 -0.24938087 -0.87010058  0.4481411  -0.49646246 -0.41173617 -0.88195267
  0.25362524]
[-0.32921013  0.76088766  0.78658257 -0.79373539 -0.18982638 -0.60902736
  0.55908032 -0.38911714 -0.21447277 -0.54777466  0.74463756 -0.28039589
 -0.34770014  0.41834233 -0.48707777  0.84152765 -0.57788621  0.46604626
  0.68347054 -0.04777626  0.16809967  0.60106679  0.23879334 -0.4994922
  0.25294346]
[ 0.22145168 -0.13248347  0.45037908  0.62559473  0.07629143  0.28261458
  0.31374174  0.75483654  0.7895137  -0.65014146  0.65198191 -0.69140251
  0.08024593  0.82149518  0.381175    0.96335183  0.96260033  0.51547518
 -0.48846302  0.25179536 -0.20606238  0.37116364 -0.63505397  0.59248051
 -0.19200527]
[ 0.91137394 -0.45279394  0.90526237 -0.53353771  0.40513681  0.21995433
 -0.42789165 -0.16629674 -0.18217459 -0.89683128 -0.48130183 -0.78168921
 -0.81687342  0.64587249 -0.58958981  0.56223369  0.32147553 -0.13638574
 -0.06396544 -0.32680315 -0.27704556  0.07754334  0.32202348  0.0584419
  0.46070397]
[-0.82079751 -0.69970242 -0.69755119 -0.34738976 -0.266478    0.46388751
 -0.3791037  -0.79412702  0.65656659  0.08453233  0.05234893  0.80904349
 -0.07680668  0.84867155 -0.03178912 -0.71020659  0.23897056  0.77785704
 -0.7797713   0.79782556  0.12281823  0.42725151 -0.17118552  0.79314356
  0.21979569]
[ 0.6143179   0.25144561 -0.94444851 -0.02585606  0.5030198  -0.92506805
 -0.65594328  0.95571127  0.12195892 -0.73817839 -0.86806854 -0.96470383
 -0.43876333  0.93216363  0.10217124  0.38377094  0.29257037 -0.4967275
 -0.15835597  0.4730475   0.54393471  0.50613687  0.41674262  0.33539913
 -0.59364559]
[ 0.62123467  0.88449169 -0.47275567 -0.73891765 -0.74150655  0.98757371
  0.05141181 -0.83924728  0.3292445   0.3507536  -0.17534646 -0.27235571
  0.02726905  0.90488085 -0.09823939 -0.67916662  0.04263875 -0.17509172
 -0.31356638  0.62892992  0.45888319  0.67157438  0.99157491  0.114473
 -0.20512664]
[-0.02182158  0.92463125  0.08323182  0.73844161  0.51257448 -0.03836786
 -0.73597152 -0.98664198 -0.80127716  0.4866993  -0.47181646 -0.72810985
  0.58334251  0.22787657  0.98871035 -0.29443512  0.42562324  0.95972546
  0.5478746  -0.24159009 -0.81029519  0.02869231  0.26483372  0.15845641
 -0.55470294]
[ 0.68070065 -0.85301669  0.78300793  0.56514289  0.02166965 -0.70456821
 -0.5629056  -0.01747641  0.46397286  0.82140703  0.1639889  -0.88713726
  0.76450086  0.80291114 -0.16870693  0.77681701  0.9744512   0.50757124
 -0.46130652 -0.19606513  0.56757814 -0.88670255  0.58571947  0.08059442
 -0.66984085]
[-0.33170062 -0.65098287  0.68376814  0.26040879 -0.91068071 -0.04429758
  0.17992273  0.14662296  0.36972792  0.47733368 -0.13182441  0.20598428
 -0.82149626 -0.22033454  0.98084043 -0.18684494  0.72524118 -0.35805077
  0.49183239  0.02457449  0.85558238  0.9098462  -0.7926743  -0.98900685
 -0.48365159]
[ 0.11408293 -0.35357329  0.50712549 -0.07478482  0.93562875 -0.06338212
  0.31296452 -0.00436652 -0.10998035  0.55549491 -0.22104604 -0.10130765
  0.00181293 -0.98791547 -0.95808125  0.96831551 -0.64719674  0.11719553
 -0.85213609  0.83062352  0.07194627 -0.66610083  0.6907941   0.70918209
 -0.83156737]
[-0.21905617 -0.25726941 -0.89013562 -0.76042354  0.80210782 -0.12542514
  0.4483688   0.36485293  0.67651739  0.8660907   0.17663648  0.69549075
 -0.91082025  0.55168376  0.93983364 -0.90433471  0.0542595  -0.13876823
  0.69215476 -0.58314538 -0.78368623 -0.45293155 -0.15625886  0.79045357
  0.33082782]
[-0.83201679 -0.58291437  0.54700135 -0.6415229   0.63100605  0.45613396
  0.65754388  0.98015644  0.35673781 -0.35835443  0.95946844  0.04623171
  0.53206583 -0.14160256 -0.34895331 -0.66251203 -0.77017369 -0.07699442
 -0.88940567 -0.20873613  0.83701128 -0.45368278 -0.83975314 -0.72124638
 -0.47747078]
[-0.80624139  0.29025412  0.07653708 -0.53719301  0.02835868  0.83532345
 -0.72876527  0.40798336 -0.9583038  -0.3974481  -0.86170288  0.62355823
 -0.64932236  0.25148639 -0.90320369 -0.78445805  0.57085897 -0.62820181
 -0.39573048 -0.81404392  0.32492103 -0.91254285 -0.01181685 -0.81194939
 -0.83058023]
[ 0.63513001 -0.07478253 -0.72714866  0.26163716  0.96851677  0.61972331
  0.11229525  0.24572836  0.14831842 -0.93929258  0.37149832 -0.12237146
  0.88791382 -0.71906913  0.24787397 -0.77690714 -0.84975745 -0.21241985
 -0.89910236  0.30665111 -0.24866906 -0.8890379  -0.463672    0.22273247
 -0.31994672]
[  5.11660336e-02  -5.10763691e-01  -4.58607997e-01   8.57010507e-01
  -9.88517515e-01   2.63312058e-01   2.17528083e-04  -7.79483804e-01
   7.76773505e-01  -7.61084631e-02  -9.79756269e-01   9.08045449e-01
   7.58369553e-01  -9.22412477e-01  -1.65553314e-01   2.32358443e-01
  -5.04653714e-01  -3.32882552e-01  -1.35337209e-01   1.38740925e-02
   8.75317688e-01  -3.23043920e-02  -6.26768058e-01   2.96508012e-01
   7.35529252e-01]
[-0.37363892  0.89609525  0.46414101 -0.27695613  0.24261022  0.59545531
 -0.92036756  0.38814077  0.49974356 -0.20281033 -0.13613592  0.43734307
  0.68333051  0.67414586 -0.61227343  0.81960079 -0.75455256  0.81641575
  0.8710432   0.73596425 -0.36946683 -0.37435957 -0.17770038 -0.28539213
 -0.81042627]
[ 0.6371514  -0.32493083 -0.84242907 -0.11266132 -0.31804792  0.0199248
 -0.03985497  0.89360154 -0.70883144  0.2421952  -0.46447953 -0.17725769
 -0.52173548 -0.40232874  0.54248633  0.40882808  0.64592385 -0.14591636
 -0.87050925  0.7598593  -0.76306183 -0.21499125  0.46929684 -0.07921621
 -0.80849956]
[ 0.89342481  0.5347035  -0.58315577 -0.59910663  0.76391722  0.86075849
 -0.89851793  0.62961177 -0.91712189 -0.17271803 -0.27151264  0.16279505
  0.39686855 -0.25245324 -0.92707116  0.01342445  0.71859266 -0.87312705
  0.66603863 -0.73871733 -0.26992253 -0.68629278  0.63505406  0.27776084
 -0.38760872]
[-0.2722639  -0.05829338  0.09035596 -0.71342328  0.26421482  0.98365607
 -0.39605926 -0.13245979  0.84679849 -0.95542029 -0.62207918  0.71929028
 -0.37730039 -0.13781693  0.15715354  0.49053279 -0.18065225 -0.87347071
  0.2939075   0.66900102  0.17790772 -0.82550277 -0.6553328  -0.73203924
  0.52463404]
