[ -1.11011435   0.2401503   -4.31526465   0.09878055   6.98303694
  -0.61729296   0.1808129   -0.28381811   3.06164227  -1.68114299
  -1.6427196   -0.12270485  -0.29021831  -0.41291199  -0.10490531
  -1.88579143  -0.44267633   0.09323781  -0.21912734   0.57490412
   9.26284231  -2.81420349  -1.95906695  -0.95481633 -46.68767379]
[  1.07280367e+00  -3.53146317e-01  -4.53702177e+00  -1.19152437e-01
   1.25686552e+00  -3.26046604e-02  -1.35438096e-01  -1.09674367e+00
   6.71681540e-01  -2.52184257e+00   3.31346630e+00  -9.29924798e-03
   4.13779811e-01   3.72313846e-01   3.41572898e-01  -3.13626817e+00
  -3.70739625e-01   7.96643621e-03   1.23212343e-01  -3.95446902e+00
  -4.34321781e+00  -2.51930658e+00  -1.91780866e+00  -9.90110924e-01
  -8.98065904e+01]
[  7.22822446e-01  -2.78830084e-01   2.85397676e+00   2.48834560e-01
  -6.88344384e+00  -7.79343641e-01  -5.62337468e-01   4.79033451e+00
  -2.32715325e+00  -4.26851673e+00   4.36077590e+00   4.13225738e-01
   1.67398891e-02  -1.48965313e-01  -3.13935616e-01   3.78007901e+00
  -7.36545741e-01  -4.47590535e-02  -4.80616697e-01  -9.85402130e-01
  -5.14551477e+00  -2.06805711e+00   7.64638714e+00   2.43082313e-02
  -8.15814421e+01]
[  1.69441315e-01  -4.30049504e-01   4.48191474e+00  -1.64340572e-01
  -3.51404307e+00   6.77425661e-01  -2.94856665e-01  -2.47307454e+00
  -1.59619038e+00   4.28963976e+00  -2.53135982e+00   3.18785460e-01
  -4.11320187e-01   8.75011366e-03  -2.35867962e-01   2.36494871e+00
   4.00846344e-01   1.31417895e-01   1.24643018e-01   2.55486221e+00
  -4.80447345e+00   5.54837233e+00  -2.58425135e+00   8.32761031e-01
  -4.68533319e+01]
[ -2.77106372e-01   5.62185983e-01   2.96011832e-01   2.52569293e-01
  -3.29560035e-01   2.20046377e-02   7.86537442e-02   1.03978136e-01
   3.97964162e-01  -3.04606056e-02  -6.29914844e-02  -3.33885722e-01
   2.93460806e-02  -1.89486203e-01   4.42330114e-02  -4.57529029e-02
  -5.62792601e-02  -1.95498934e-01   4.19335154e-01   1.68192346e-01
  -2.12064655e-01  -8.24726935e-02  -9.04081075e-02   4.03571898e-02
  -5.20030924e+01]
[ -2.62852702e-01  -3.86358272e-01  -3.44376554e-01   2.14566002e-01
   2.57180596e-01  -4.22262093e-01  -3.32771832e-01   3.95461064e-01
   6.59011375e-02  -3.16656572e-01  -1.89081391e-01   3.48198907e-01
  -3.54716994e-01   1.18080543e-02   2.21142385e-01  -3.36430253e-02
   7.16905980e-02  -2.01238067e-01  -3.71842828e-01   2.41160174e-01
   3.90220231e-01   5.20592274e-02  -3.90836636e-01   1.19471862e+00
  -6.01238651e+01]
[ -1.11432501e-02  -6.59188490e-02   3.06422624e-01  -1.23267315e-01
  -1.96503116e-01  -3.15675828e-03  -3.27424049e-01   1.41063377e-01
   7.72658198e-01   6.57210626e-02  -3.61715159e-01  -4.92790075e-03
  -1.32710331e-01  -1.18179951e-01   3.97977792e-01   5.24863471e-01
   5.46488730e-01  -3.29445877e-01   1.63371377e-01  -1.47635987e-01
  -3.80173374e-01  -5.66987149e-01   1.79128637e-01  -5.26109092e-01
  -7.52016800e+01]
[  2.92323118e-01   1.10441258e-01  -2.36074307e-01  -3.64842649e-01
   4.82352922e-02   2.30315495e-01  -3.22415588e-01   3.59059082e-01
  -7.91573234e-02  -3.88970539e-01  -2.21624127e-01  -2.14327541e-01
  -1.22292079e-01  -1.55609567e-01   3.72977341e-01  -1.00388727e-01
   3.64292703e-01  -1.06161694e-01   4.59561413e-01   6.40001951e-02
   1.11674195e-01   1.99946597e-01  -3.19653625e-01  -9.92582290e-01
  -6.23709575e+01]
[  1.23043312e-01   2.57261913e-01   4.98163653e-01   4.00563541e-01
   1.46248939e+00   4.34636187e-01   6.68006518e-01  -2.33843308e-01
  -5.35575075e-03   4.54714811e-01   3.92560092e-01  -4.58045442e-01
   6.06967080e-01   4.61431584e-01  -5.85358773e-03  -1.75963437e+00
   3.26296095e-01   6.71167020e-01   3.53521229e-01   3.23570666e-01
  -3.59125589e-01  -8.02489035e-02   2.24931515e+00   2.89308751e-01
   3.89851393e+02]
