-0.200573365213 0.214716281367 
5.56600613178 -5.56892684585 
-0.884755799906 0.813796864962 
7.94897410606 -7.92156243228 
-0.0669141423248 0.119810221776 
5.01822079944 -4.900126226 
-7.90045018005 7.88062986889 
1.33862860556 -1.41562524975 
-6.91210530132 6.9338758375 
-6.67993735878 6.70211661592 
-1.77969163912 1.68952830517 
-7.77271895401 7.73210095315 
-6.53552260954 6.52222337832 
6.64919805296 -6.66938196843 
5.56632614282 -5.59196025219 
0.308458951539 -0.39009275141 
-6.24114129402 6.24426912585 
-7.57573957874 7.56864283021 
-8.39386463135 8.35728715102 
-10.774262447 10.7947666003 
3.71187899837 -3.71474673917 
1.20773850171 -1.27538546645 
-4.31501492842 4.32331147715 
3.56522447335 -3.59564687325 
0.292298344635 -0.228481969347 
