-0.850615434409 0.671028025823 
-0.0664491364422 0.251478708735 
0.600681414477 -0.378979859334 
0.111362840652 -0.395187835218 
-0.498744543384 0.56508671263 
-0.436891785731 0.118526633958 
0.0453344786844 -0.00482743937323 
-0.0368398060305 0.083073382564 
0.081762284089 0.381891313225 
0.49274884719 -0.572141613953 
-0.342081671324 0.238519221876 
-0.000695418394183 0.151274354228 
-0.217036952185 0.39709574824 
-0.121154496379 0.521944366734 
-0.126084122637 -0.382762635104 
0.278767110075 0.202591933854 
0.739597386901 -0.687752262775 
