-0.718719995435 -0.341963439039 -0.36669242544 0.0036004130299 0.615909484146 1.80864765137 2.30778264781 -1.46591736977 1.39535739126 -0.267347494643 -0.726563252698 2.50880661661 0.128070127016 0.0336787714328 0.493241747219 -0.439229629504 3.03861840965 0.517981052632 1.5147980148 -1.31837547183 -0.489836031427 1.4821279126 -0.162696453612 0.663585481826 1125.80615677 
-0.238043496428 -0.535351022569 1.8174538884 -1.5040690536 -0.300884620955 2.72089550061 -0.137426150067 -0.406633064943 0.624812210159 -0.541944999172 -0.324794129879 0.539745766293 0.162804895422 -0.217968747629 -0.282136477863 1.24540516569 -0.699876177922 0.254995359902 0.181193419258 -1.07145770521 0.183820729833 6.23354180499 0.499554306215 0.360938527222 -419.90875969 
0.191339758611 0.56642449328 3.4201889812 -1.37259951993 -9.30336895219 0.53776209618 -0.141097273827 0.939162499939 -2.69639642331 4.73858630566 -0.468805360986 -0.508719463249 0.191066134054 2.42582973339 2.20094293352 0.00946716747036 -0.326292618312 0.355638865863 0.869633642226 0.456864854931 0.0418643872415 0.263687111006 0.096175248767 0.338352079467 1267.91033952 
1.98381992137 -0.594810184255 0.321484070789 -10.3988945915 0.883153030775 2.91023548038 -0.170866387904 -0.17402933973 1.14672543333 -0.491772690563 -0.567863021241 0.764002647792 0.175537142882 0.535593566703 0.325762036451 -0.137729075617 -0.123339784977 0.300280228319 1.51716126535 -1.09452139972 0.183445725614 1.72496671054 -8.81291607044 0.475786275462 -727.103829283 
-0.525338816751 0.604044678301 1.29250524407 -1.02035826271 -0.121134037061 3.46343489592 0.253255756774 -0.224701070857 0.448041934334 -0.787421123137 3.89061670924 2.48240840001 -0.0887545632604 0.213312236582 0.359542390758 0.154754959503 -0.512826491021 -0.106016810106 -0.211535183638 -1.92819610511 0.368349608412 0.436583644415 -0.91031777432 -0.113139743308 2548.48191076 
0.26639656042 -0.317900444352 2.07694215892 -0.491048555061 1.12143575545 3.86488948422 0.20976271577 0.546750154141 1.10206259817 -0.26478887229 0.092738495731 -1.91978673352 1.28422966766 1.52836891116 0.812401540345 0.285061253265 -0.513680616828 -0.0625142579892 -10.125948761 0.566636802912 -0.776442127778 0.174970564167 2.12865844928 -0.109749414397 1930.37788379 
0.358108711875 -0.486768324538 -3.82017586772 -0.777792360774 0.881999803855 3.06770034954 0.29897240883 0.682212257417 0.591355488606 -0.460760500403 -0.11670432958 0.964610597869 -0.217761148765 0.937299265488 0.713131494147 0.382340341829 -0.413968826732 -0.12390876918 0.833949612379 0.513609778137 3.41624898622 0.0259354870174 -3.67485475117 3.08314049206 -471.38550742 
0.263290747949 3.10095961168 -1.3226956542 -0.76377628851 0.693849013321 3.94393735015 0.0779830568055 0.372793829609 0.787412059206 0.121762026792 -0.120232026019 2.17836850451 -0.338103275122 -5.81780569764 0.603674618049 0.156497064652 -0.964302152448 1.60388655535 0.551634203715 1.44651542606 -0.565087040354 -0.0564566974512 -2.3987585443 -0.0805693213845 492.184722488 
0.66801978413 -0.0915464591029 2.88400088944 -1.35511473402 -2.0782059771 0.145570536016 -4.10271154399 2.12481424328 -3.27488791156 0.519494118897 0.0629430751309 1.36297573128 0.254377424028 0.900399328537 -1.23053474567 0.360930137125 -3.67827411967 -0.435194817627 0.409241573865 -0.0458487866873 0.916898383084 -1.64500970044 -2.72249415652 -0.0275849962602 1195.37752345 
0.334983079009 0.250125351752 1.41607972642 -0.995180618501 -0.493089423486 -0.895192618156 0.272814457228 0.907085364253 -4.99254683356 -0.0537865668571 -0.0490617296691 0.368177142596 -0.0665749822767 0.687251767645 0.33129446631 -4.26281232242 0.826232090519 -0.00750165513374 0.433416773447 -1.3781070523 -0.436678329225 0.342197819569 -5.91136829419 0.0476125322104 1008.87409454 
0.27850225821 -2.83459953248 0.620463871827 -0.436742483718 5.50009841406 -1.03181659851 0.72892976507 -5.68633006384 3.36112979024 -4.18122129013 -0.262103404511 2.94039003415 -0.143980299758 -3.33453542841 -3.49355737776 0.164093785417 -8.62979368702 -0.347198448805 1.26899835263 -2.09391886583 0.331562777146 -1.94495687003 0.323117815419 0.246838881555 -363.359271006 
-6.171117536 0.0949997667779 4.60149737041 8.38601289395 -3.54273827734 0.0872444424368 0.686486394036 -0.203885491928 -4.60302750629 -0.272915107793 -0.854739446104 -1.844932956 -0.159736535894 0.840106906124 -1.3250205986 0.324355402271 -0.183086746726 -0.113360520447 0.839901784207 -1.20126818574 -0.304294874179 -2.81548833675 3.44105586637 0.154096518126 -2277.16625614 
-0.028310509522 3.2841308225 0.879333565673 -0.754350018744 -1.6994797676 -1.02493997552 -0.286536561727 0.744751382752 -1.13528113374 -1.14705584372 -2.71704169302 -7.43050010821 0.429437486834 -2.72261026573 -0.771669028927 -0.51708312903 -0.877961031196 0.41369039099 -0.447053373299 3.2527487918 3.50147779353 1.37025954283 1.43148534937 0.161445750522 -1442.12299719 
-0.396054221896 0.863834902705 0.959577782351 -1.11342108351 -0.895741143396 -1.53559218496 0.0632529716867 -1.02684180306 -1.26293142732 -1.03463457985 0.0273085954986 0.540491331978 -6.35046843995 -1.2658512894 -0.17454048592 -0.0618522003384 -0.171074265925 -0.185702871347 5.06572396245 -1.11241774386 0.663287053129 1.61648283775 -4.6914892567 -0.403064445794 -197.404121496 
-0.764100101532 1.26226791171 5.67396297375 -0.614438424588 -1.78245775563 -2.08557698949 -0.2986542577 -1.15742360086 -0.831057028564 -0.620142685972 0.287491445261 -2.92030501438 0.450519103278 -0.574255363538 -0.878708298754 -0.519579430349 -0.149527425685 0.190337183574 -0.758423049585 -0.708719048654 -4.69954840991 0.896615046713 0.800181962804 -6.24608035885 -2079.13875924 
-0.280468572262 -3.28387947721 3.37835832216 -1.08720967229 -0.75789828094 -1.49605155332 0.48417907678 -1.06518760102 -1.5086847577 -0.872776476353 0.0459140964929 -4.16086586468 0.469519307691 6.80623967014 -0.702122858828 0.00437014121297 0.668531179584 -4.54595760841 -0.3181473793 -1.15015441792 -0.0425193276176 0.329586308919 0.000723920501538 -0.072112558465 -711.206203118 
-1.47696011875 1.16081746459 6.33085585339 -2.77078861959 -1.82161925342 -0.350505365683 -0.0721501751864 -2.5800292936 3.35630054042 -2.43170552548 -2.01814598364 1.75286511115 -0.830781452063 -4.00576366354 1.23112691523 -0.56932986312 7.19725702681 -0.413037795068 -2.94649333286 -2.11884320402 2.09562066807 1.63269015493 -3.26931195555 -0.789297147775 2211.62924425 
