[ -4.37877375e-02  -7.76688076e-01   5.10493861e-01  -1.60064724e-01
  -1.86839006e-02  -7.98864713e-01  -8.47965191e-01  -2.77963925e-01
   3.93590389e-01   1.78557452e-01   5.25708274e-01   1.65824430e-01
  -6.26332473e-01  -2.28293005e-01   3.94337152e-02  -1.14695723e+00
  -9.87727429e-01  -1.01909283e+00  -9.98188298e-01   3.56020522e-01
  -2.51344800e-01  -3.02687610e-01   5.79215815e-01  -1.75514679e-01
  -1.29199777e+02]
[  7.54038404e-01   2.24192961e-01  -3.84751450e-01   6.60760118e-01
  -1.84679198e-01   2.23231913e-01  -5.04109292e-01   3.72624929e-01
   6.58012979e-01  -3.24257613e-01   1.10049151e-02   7.47265296e-01
   5.76804895e-01  -4.06925123e-01   8.14342458e-01  -2.93312227e-01
  -4.76816348e-01  -1.49575367e-01  -9.24380695e-01  -9.70223047e-02
  -2.24269929e-01   6.68955708e-01  -3.81100827e-01  -8.78618350e-01
  -1.37846521e+02]
[  9.13169710e-01   9.39217516e-01  -6.13600489e-01   7.92030836e-01
  -2.39929545e-01   7.70809257e-01  -5.49622551e-01  -1.34074455e+00
   2.39518912e-01   5.45951946e-01  -4.64453766e-01   5.02074024e-01
  -8.73496795e-01  -9.71183250e-01   8.67241734e-01  -7.49698232e-01
   4.25945165e-01  -7.83353863e-01   7.18643046e-02   9.37414802e-01
  -1.91060555e+00  -1.56831244e-01   1.25812094e+00   1.19061277e+00
  -9.89349388e+01]
[  3.94743456e-01   2.69575774e-01   5.98713312e-01   5.79851566e-01
  -2.20809609e-01  -9.67990822e-01   8.57164141e-01  -8.53643396e-01
   5.63050532e-01  -4.16740972e-01   1.24751619e+00   7.77661793e-01
  -4.11721977e-01  -5.42195110e-01  -2.67554702e-01  -8.77705663e-01
   1.59811101e-01  -3.86044773e-01  -2.72485785e-01  -4.47398057e-01
  -3.84276988e+00   5.35935210e-01  -2.01745155e-02  -1.40380786e-01
  -1.56228461e+02]
[  2.82352147e-01   3.58068062e-01   7.52126842e-01   6.25159752e-01
   2.10320887e-01   5.07558326e-01   6.60897750e-01  -4.60926744e-01
   1.79552013e-01   4.75090047e-01  -3.79232653e-01   7.40968575e-01
  -1.49685375e-01   3.02838099e-01  -1.56754182e-01  -4.70904914e-01
  -2.18051027e-01  -2.50456397e-01   4.27882846e-01   4.48372602e-01
  -5.66595763e-01  -2.11498344e-01   4.26760851e-02   7.58430707e-01
  -1.34606011e+02]
[  0.68079623  -0.49809173  -0.80199174   0.9671097   -0.10854882
   0.92598321  -0.3333012   -0.91257631  -1.92084407   6.10391206
  -1.01809268   0.0920559    0.06108166   0.30902864   0.38162337
   1.6748837    1.20087989  -0.92298645  -0.66101915   0.48450456
  -0.42795688  -6.83432551   0.41396477   0.75333935  11.50439681]
[  2.92505040e-01   1.55735892e-01  -3.18287512e-01   6.25974852e-01
   6.46385527e-02   3.65242192e-01  -6.80572157e-01   1.88567449e-01
   1.28943942e+00  -2.16697450e-01  -7.26262705e-01   7.49199855e-01
   3.92525841e-01   7.88534607e-01  -8.41143020e-01   4.65663071e-01
  -8.98948829e-01  -1.79847386e-01   2.53494626e-01   2.26224489e-01
   5.83186417e-01   8.10704696e-01   2.75162721e-01  -5.11380534e-01
  -1.01341455e+02]
[  4.26708257e-01   2.19945609e-01  -1.40690090e+00  -8.53389544e-02
   1.19572310e+00  -1.39829884e+00   7.80305863e-01   1.06691147e+00
  -3.87430464e+00  -3.75392868e-01   1.78245036e-01  -5.35414082e-01
  -4.91922046e-02  -9.75888224e-01   3.33494277e-01  -3.76440453e+00
  -9.83686682e-01   8.00966139e-02  -9.64689431e-01   6.26733767e-01
  -3.73054066e+00  -1.23953530e+00   6.90229321e-02   1.44568681e+00
  -8.00090780e+01]
[ -1.28253398   0.15129213  -3.73044956  -0.44103763   0.70129897
   0.12265429  -0.55412841   0.12634087  -1.17873979  -0.46177264
   1.76926006   0.45686616   0.30732365   0.26268082   1.01902554
   1.17975406   0.8267566    0.81811471   0.65398486   0.05823653
  -0.86613929  -0.68894446  -4.97103817  -0.08226638  23.60354344]
[  7.35377935e-01   1.11721570e+00   2.24489975e-01   4.58174752e-01
   2.90372098e-01   6.99047211e-01  -5.00945698e-01  -3.13596580e-01
   1.51475124e-01   4.25089269e-01  -7.67581896e-01  -6.75675938e-01
  -2.33944996e-02  -6.19953112e-01  -7.48285856e-01   7.21321496e-01
  -2.60951927e-01   3.38307090e-01  -6.15070095e-01   6.91273029e-01
   1.60663257e+00  -2.12673151e-01   8.21532660e-01   2.17462594e-01
  -1.13139928e+02]
[ -3.23770957e-01   1.25226853e-01   1.03382030e+00  -4.04198995e-01
   1.30115029e+00   6.32699709e-01  -1.16991446e+00   4.79852098e-01
   1.74222634e+00  -2.40561186e+00  -7.93754101e-01   2.69310304e-01
  -2.50331475e-01   8.03122600e-01   8.59570693e-02   3.63217449e-02
   6.34514156e-01  -5.68970486e-01  -3.52244798e-01   2.64162775e-01
  -1.48818953e+00   6.72628717e-01   3.33114212e-01  -5.11403396e-01
  -1.50553305e+02]
[  5.84956389e-01   8.85496473e-01  -3.48848510e-01   6.68824257e-01
   8.34356633e-01  -5.75972517e-01   4.96720922e-01   6.26675370e-02
  -4.17087116e-01  -4.21567803e-02   4.48279773e-01  -4.69447223e-01
  -4.97838187e-01  -5.47651868e-02  -4.88210705e-01  -2.10385591e+00
   9.93508438e-02   6.90721777e-01  -8.06552080e-01  -3.81110394e-01
  -2.58373674e+00   3.85743331e-01  -9.80733171e-02  -7.78286643e-01
  -1.45049760e+02]
[  7.78655698e-02  -8.54709870e-01   3.06286563e-01   2.45260839e-01
   7.61756301e-01  -7.64289152e-01  -4.18259510e-02  -1.02551538e+00
   6.56993400e-01  -1.10745441e+00  -1.16847783e+00  -4.39820025e-01
  -8.36819064e-01   2.69221808e-01  -3.56023785e-01   3.68089814e-01
   5.88781650e-02   2.24600830e-01   9.03888908e-01   9.04079455e-01
  -5.03033877e-01   1.87961906e-01   6.48175735e-01  -1.46987259e+00
  -1.21006473e+02]
[  7.30782195e-01  -1.03812730e+00  -1.60888384e-01   3.54971551e-01
   5.60701786e-01   2.02395556e-01   8.10958198e-01  -9.70617452e-01
   5.98927596e-01   5.25630013e-02  -4.80472377e-01  -1.52514772e-02
   5.89134870e-01  -5.64306449e-01  -1.06544778e+00   1.35649514e-01
   8.81179261e-02   1.01182856e-02   6.35536440e-01  -5.73503163e-01
   2.20899194e-01   5.54653689e-01  -8.98178835e-01  -7.35065764e-01
  -1.37156070e+02]
[  5.99446895e-01  -8.72655094e-02   6.82499768e-01   9.96277897e-01
   1.79625593e+00   8.46796557e-01   5.02573214e-01  -5.89579795e-01
   1.48516963e+00  -5.64981478e-01  -1.69340868e+00  -9.34546195e-01
   3.40062910e-01  -7.29299452e-01  -1.60304160e-01  -2.28255117e-01
   9.00346233e-02   4.91106608e-01   5.69238994e-01  -3.91022847e-02
   6.28044579e-01  -2.99036201e-01   1.19336039e+00  -1.04951890e+00
  -1.26081469e+02]
[  2.84724527e-01   9.11851288e-01   6.88388126e-01   1.49071752e-01
   9.49326428e-01  -1.41718751e-01  -8.21040937e-02  -1.15112164e+00
   7.47280470e-01  -1.41247086e+00   5.94286491e-01   4.90400635e-01
  -7.76670236e-01  -8.42629353e-01   4.48144212e-01  -8.96012091e-01
   5.15905418e-01  -1.65805451e-01  -5.62514840e-01   1.33189976e+00
  -1.40861821e+00   1.81173860e-01   3.35133317e-01  -8.12497826e-01
  -1.54239881e+02]
[  1.05045156e+00  -7.90827738e-01   3.41385087e-01  -3.41265877e-01
   2.83981118e-01   6.12048044e-01   5.50357584e-01  -5.94288756e-01
   1.66427222e+00  -6.34074237e-01  -5.27394503e-01  -3.75165619e-01
   7.24933968e-01  -5.60551933e-02  -5.44747484e-01   1.77638597e+00
  -1.97533963e-01  -1.40290144e-01   4.09646108e-01  -3.78450728e-01
   2.91494472e+00  -2.04344810e-01  -1.19306992e-01   6.97497837e-02
  -5.74048722e+01]
[ -1.05329671e-01   8.02815279e-01   3.65181775e-01  -5.60435975e-01
  -9.16655165e-02  -1.73041288e-02   3.01690158e-01  -7.72137364e-01
   1.68801222e-01  -1.63831421e-01   2.62248729e-01   1.61023217e-01
   7.16076814e-02   1.80879334e-01  -3.50537277e-03  -9.58069761e-01
  -1.44168817e-01  -2.30401736e-02   2.86117536e-02  -5.19045252e-01
  -1.04528460e+00  -1.61271802e-01   1.89054517e-01  -1.16443360e+00
  -1.32845847e+02]
[ -2.49842718e-01   1.88767049e-01  -1.85157300e+00   5.20300865e-01
   7.19328087e+00   5.54119658e-01  -6.50594900e-03  -4.76945174e-01
  -1.28425435e+00  -4.86183710e-01  -2.03888728e+00   2.83024069e-01
  -7.20990714e-01  -2.97611941e-01   4.03668706e-01  -1.38191648e+00
  -8.78801160e-01  -8.26935283e-02   4.89225845e-01   3.40273573e+00
   2.16140322e+00  -5.03595837e-01  -4.35394391e-01   1.30123004e+00
  -6.95345504e+01]
[  7.63483192e-01  -2.35623329e-01  -3.98599778e-01   9.90599932e-01
   9.97135715e-01   1.66672167e-01   2.67939325e-01  -5.09111793e-03
   9.74222497e-01  -7.19074086e-01  -7.68552833e-01   7.76757157e-01
  -6.98111924e-01   7.68124669e-01   9.16908756e-01  -7.30217442e-01
   5.80069692e-01  -7.89980734e-02  -6.64600104e-01  -6.54653723e-01
   6.40315460e-01  -1.92338068e-01  -5.14962835e-01  -4.97483610e-01
  -9.94436495e+01]
[  -0.33099956   -0.74537297   -0.43139317    0.4511523     0.59789169
    0.9793104     0.71983847   -0.40998057   -0.78216986    1.23997144
   -1.04549421    0.49006801   -0.48119797    0.41687169    0.76332849
   -0.28794145    0.27601954    0.43430927    0.83842958    1.49976646
    1.22475588   -0.59046778    0.70070557    0.17763444 -108.23715697]
[  8.23186908e-02   5.74753611e-01   4.26448843e-01   6.23574905e-01
  -2.83299473e-01   2.68270292e-01  -6.03012807e-01  -7.52312105e-01
  -4.62950397e-01   7.25208006e-01   4.85961216e-01  -5.78858524e-01
  -8.97696287e-01   1.25811993e-01   3.06108281e-02   6.01754514e-01
  -7.57827765e-01   8.06311124e-01  -6.30230618e-01  -1.07897653e-01
  -9.15488530e-01  -1.25966181e-01   1.13640057e+00  -1.27468097e+00
  -1.10806682e+02]
[  6.98213614e-01  -6.02456129e-01   3.22490754e+00   6.37467869e-01
  -7.12086133e-01  -8.12157247e-01   7.59424022e-01  -2.94095312e+00
   1.68069344e+00  -3.36976216e-01  -1.65812870e+00   6.05972280e-01
   4.81827102e-01  -6.56771187e-01  -2.09732884e-02   1.82509989e+00
   1.03707318e+00   7.02223679e-01   1.00121407e+00   1.75623663e-01
   8.28563821e-01   7.17706381e-01   4.68585019e+00   2.03496893e-02
  -1.03522015e+02]
[  1.06823364e+00  -1.08742355e-01  -1.10274188e+00  -7.13245795e-01
   1.40256993e-01  -5.80696824e-01  -2.06753865e-01   8.33556879e-02
   1.16423869e+00  -7.44778866e-01  -1.32586590e+00  -6.65297391e-03
   8.84461391e-01  -3.62208427e-01   2.20369974e-01   2.56006444e-02
  -5.80420225e-01   8.76144161e-01  -4.92893551e-01   1.12710214e-01
   1.60663275e+00   2.23441594e-01  -1.23497335e+00  -8.87066759e-01
  -5.52469021e+01]
[  6.12284174e-01   1.05137254e+00   1.05354953e+00  -1.29659963e-01
   1.63069088e+00  -5.51157978e-01   1.16430984e+00  -4.34881730e-01
  -8.18535602e-01   1.71811183e-01  -8.57154024e-02  -9.41930718e-01
   3.44070870e-02   7.78337451e-01  -5.18208818e-01  -1.28639020e+00
   2.20526456e-02   9.70329791e-01   6.89685728e-01  -3.77763497e-01
  -7.20613731e-02   4.52213403e-01   1.40288165e+00   5.81538503e-01
   3.90079029e+02]
